version https://git-lfs.github.com/spec/v1
oid sha256:89a0b32bb636c9d281d6596910b5bc55fd0577e4a7e3ba4dbe431b20f4fbaa4a
size 741316
