version https://git-lfs.github.com/spec/v1
oid sha256:50fe66587bad7f677ab39c8abd356ce02acc404be01055dd749f092b67788ff4
size 78086
