version https://git-lfs.github.com/spec/v1
oid sha256:680a0e680016fcb4ac59bf0c4319a23554f2b1065fe2168f373dfa34ab0e0239
size 477045
